500
0.000320000000 0.000000000000
0.000640000000 0.000000000000
0.000960000000 0.000000000000
0.001280000000 0.000000000000
0.001600000000 0.000000000000
0.001920000000 0.000000000000
0.002240000000 0.000000000000
0.002560000000 0.000000000000
0.002880000000 0.000000000000
0.003200000000 0.000000000000
0.003520000000 0.000000000000
0.003840000000 0.000000000000
0.004160000000 0.000000000000
0.004480000000 0.000000000000
0.004800000000 0.000000000000
0.005120000000 0.000006661117
0.005440000000 0.000000000000
0.005760000000 0.000000000000
0.006080000000 0.000000000000
0.006400000000 0.000000000000
0.006720000000 0.000000000000
0.007040000000 0.000000000000
0.007360000000 0.000000000000
0.007680000000 0.000000000000
0.008000000000 0.000000000000
0.008320000000 0.000000000000
0.008640000000 0.000000000000
0.008960000000 0.000000000000
0.009280000000 0.000000000000
0.009600000000 0.000006661117
0.009920000000 0.000053288928
0.010240000000 0.000026644464
0.010560000000 0.000006661117
0.010880000000 0.000000000000
0.011200000000 0.000006661117
0.011520000000 0.000006661117
0.011840000000 0.000019983347
0.012160000000 0.000026644464
0.012480000000 0.000066611158
0.012800000000 0.000046627811
0.013120000000 0.000093255622
0.013440000000 0.000159866779
0.013760000000 0.000159866779
0.014080000000 0.000219816819
0.014400000000 0.000266444630
0.014720000000 0.000326394670
0.015040000000 0.000326394670
0.015360000000 0.000353039134
0.015680000000 0.000459616985
0.016000000000 0.000519567026
0.016320000000 0.000672772687
0.016640000000 0.000692756039
0.016960000000 0.000786011656
0.017280000000 0.000892589507
0.017600000000 0.000959200664
0.017920000000 0.001099084096
0.018240000000 0.001278934222
0.018560000000 0.001172356371
0.018880000000 0.001432139884
0.019200000000 0.001492089924
0.019520000000 0.001678601167
0.019840000000 0.001638634474
0.020160000000 0.001685262280
0.020480000000 0.001865112405
0.020800000000 0.002171523729
0.021120000000 0.002071606995
0.021440000000 0.002044962531
0.021760000000 0.002204829310
0.022080000000 0.002571190674
0.022400000000 0.002218151540
0.022720000000 0.002950874272
0.023040000000 0.002817651957
0.023360000000 0.002731057453
0.023680000000 0.002684429642
0.024000000000 0.002684429642
0.024320000000 0.003004163195
0.024640000000 0.003317235636
0.024960000000 0.003430474604
0.025280000000 0.003290591172
0.025600000000 0.003816819315
0.025920000000 0.003703580352
0.026240000000 0.003870108243
0.026560000000 0.003943380518
0.026880000000 0.003763530392
0.027200000000 0.003890091590
0.027520000000 0.003903413824
0.027840000000 0.004043297251
0.028160000000 0.003843463779
0.028480000000 0.004289758535
0.028800000000 0.003956702747
0.029120000000 0.003830141549
0.029440000000 0.004283097417
0.029760000000 0.004316402999
0.030080000000 0.004323064111
0.030400000000 0.004549542047
0.030720000000 0.004509575354
0.031040000000 0.004622814322
0.031360000000 0.004629475439
0.031680000000 0.004109908409
0.032000000000 0.004323064111
0.032320000000 0.004389675268
0.032640000000 0.004329725228
0.032960000000 0.004689425480
0.033280000000 0.004529558701
0.033600000000 0.004662781016
0.033920000000 0.004776019984
0.034240000000 0.004662781016
0.034560000000 0.004855953371
0.034880000000 0.004736053290
0.035200000000 0.004989175686
0.035520000000 0.005075770190
0.035840000000 0.004323064111
0.036160000000 0.004935886763
0.036480000000 0.004815986678
0.036800000000 0.004736053290
0.037120000000 0.004596169858
0.037440000000 0.004596169858
0.037760000000 0.004636136552
0.038080000000 0.004602830975
0.038400000000 0.004569525394
0.038720000000 0.004922564529
0.039040000000 0.004682764362
0.039360000000 0.004949208993
0.039680000000 0.004796003331
0.040000000000 0.004902581182
0.040320000000 0.004609492088
0.040640000000 0.004542880930
0.040960000000 0.004596169858
0.041280000000 0.004862614488
0.041600000000 0.005009159033
0.041920000000 0.004489592007
0.042240000000 0.004556203165
0.042560000000 0.004922564529
0.042880000000 0.004502914237
0.043200000000 0.004442964196
0.043520000000 0.004829308907
0.043840000000 0.004742714403
0.044160000000 0.004569525394
0.044480000000 0.004522897583
0.044800000000 0.004283097417
0.045120000000 0.004509575354
0.045440000000 0.004383014156
0.045760000000 0.004476269773
0.046080000000 0.004729392173
0.046400000000 0.004536219818
0.046720000000 0.004316402999
0.047040000000 0.004402997503
0.047360000000 0.004616153205
0.047680000000 0.004702747709
0.048000000000 0.004462947543
0.048320000000 0.004243130724
0.048640000000 0.004449625314
0.048960000000 0.004029975022
0.049280000000 0.004229808494
0.049600000000 0.004656119898
0.049920000000 0.004616153205
0.050240000000 0.004383014156
0.050560000000 0.004216486260
0.050880000000 0.004083263945
0.051200000000 0.004276436305
0.051520000000 0.004076602833
0.051840000000 0.003990008328
0.052160000000 0.004183180684
0.052480000000 0.004123230643
0.052800000000 0.004389675268
0.053120000000 0.004016652787
0.053440000000 0.004063280598
0.053760000000 0.003876769360
0.054080000000 0.004043297251
0.054400000000 0.004269775188
0.054720000000 0.004116569526
0.055040000000 0.003670274770
0.055360000000 0.003963363864
0.055680000000 0.003876769360
0.056000000000 0.004009991675
0.056320000000 0.003890091590
0.056640000000 0.004183180684
0.056960000000 0.004176519566
0.057280000000 0.004209825148
0.057600000000 0.004356369692
0.057920000000 0.004143213990
0.058240000000 0.029482098253
0.058560000000 0.003923397171
0.058880000000 0.004243130724
0.059200000000 0.003863447126
0.059520000000 0.049798501249
0.059840000000 0.003690258117
0.060160000000 0.003610324730
0.060480000000 0.003676935888
0.060800000000 0.003550374690
0.061120000000 0.003610324730
0.061440000000 0.003403830140
0.061760000000 0.003790174856
0.062080000000 0.003597002496
0.062400000000 0.003417152375
0.062720000000 0.003297252289
0.063040000000 0.003537052455
0.063360000000 0.003383846794
0.063680000000 0.003397169028
0.064000000000 0.003597002496
0.064320000000 0.003397169028
0.064640000000 0.003357202330
0.064960000000 0.003283930060
0.065280000000 0.003330557871
0.065600000000 0.003223980015
0.065920000000 0.003430474604
0.066240000000 0.003157368857
0.066560000000 0.003357202330
0.066880000000 0.002957535389
0.067200000000 0.008452955872
0.067520000000 0.014241465448
0.067840000000 0.003443796834
0.068160000000 0.003297252289
0.068480000000 0.002777685264
0.068800000000 0.002937552038
0.069120000000 0.002684429642
0.069440000000 0.006787676934
0.069760000000 0.003696919234
0.070080000000 0.002024979184
0.070400000000 0.002024979184
0.070720000000 0.002344712737
0.071040000000 0.002151540382
0.071360000000 0.002178184846
0.071680000000 0.002291423814
0.072000000000 0.002091590342
0.072320000000 0.002071606995
0.072640000000 0.002151540382
0.072960000000 0.002138218153
0.073280000000 0.002078268112
0.073600000000 0.001765195672
0.073920000000 0.001738551208
0.074240000000 0.001951706910
0.074560000000 0.002038301414
0.074880000000 0.001911740216
0.075200000000 0.002071606995
0.075520000000 0.002111573689
0.075840000000 0.002184845963
0.076160000000 0.001978351374
0.076480000000 0.002084929225
0.076800000000 0.001905079099
0.077120000000 0.002044962531
0.077440000000 0.002038301414
0.077760000000 0.001818484595
0.078080000000 0.001911740216
0.078400000000 0.001891756869
0.078720000000 0.001911740216
0.079040000000 0.001858451293
0.079360000000 0.002078268112
0.079680000000 0.001811823482
0.080000000000 0.001578684429
0.080320000000 0.001891756869
0.080640000000 0.001645295586
0.080960000000 0.001825145712
0.081280000000 0.001625312239
0.081600000000 0.001771856784
0.081920000000 0.001851790176
0.082240000000 0.001665278933
0.082560000000 0.001658617821
0.082880000000 0.001592006663
0.083200000000 0.001532056618
0.083520000000 0.001825145712
0.083840000000 0.001658617821
0.084160000000 0.001818484595
0.084480000000 0.001838467941
0.084800000000 0.001658617821
0.085120000000 0.001598667775
0.085440000000 0.001671940050
0.085760000000 0.001731890090
0.086080000000 0.001718567861
0.086400000000 0.001452123231
0.086720000000 0.001598667775
0.087040000000 0.001711906744
0.087360000000 0.001532056618
0.087680000000 0.001598667775
0.088000000000 0.001665278933
0.088320000000 0.001611990010
0.088640000000 0.001678601167
0.088960000000 0.001691923397
0.089280000000 0.001718567861
0.089600000000 0.001638634474
0.089920000000 0.001492089924
0.090240000000 0.001518734388
0.090560000000 0.001472106577
0.090880000000 0.001458784348
0.091200000000 0.001398834303
0.091520000000 0.001572023316
0.091840000000 0.001538717735
0.092160000000 0.001771856784
0.092480000000 0.001505412159
0.092800000000 0.001745212325
0.093120000000 0.001465445460
0.093440000000 0.001572023316
0.093760000000 0.001458784348
0.094080000000 0.001378850956
0.094400000000 0.001472106577
0.094720000000 0.001258950875
0.095040000000 0.001305578686
0.095360000000 0.001472106577
0.095680000000 0.001278934222
0.096000000000 0.001445462113
0.096320000000 0.001412156537
0.096640000000 0.001265611988
0.096960000000 0.001245628641
0.097280000000 0.001412156537
0.097600000000 0.001265611988
0.097920000000 0.001218984182
0.098240000000 0.001325562033
0.098560000000 0.001159034137
0.098880000000 0.001185678601
0.099200000000 0.001238967529
0.099520000000 0.001352206497
0.099840000000 0.001385512073
0.100160000000 0.001125728560
0.100480000000 0.001378850956
0.100800000000 0.001358867609
0.101120000000 0.001238967529
0.101440000000 0.001232306411
0.101760000000 0.001218984182
0.102080000000 0.001065778520
0.102400000000 0.001272273105
0.102720000000 0.001332223145
0.103040000000 0.001225645294
0.103360000000 0.001112406326
0.103680000000 0.001199000830
0.104000000000 0.001059117403
0.104320000000 0.001112406326
0.104640000000 0.001185678601
0.104960000000 0.001318900916
0.105280000000 0.000999167363
0.105600000000 0.001358867609
0.105920000000 0.001212323065
0.106240000000 0.001258950875
0.106560000000 0.000965861781
0.106880000000 0.001192339718
0.107200000000 0.001045795168
0.107520000000 0.001099084096
0.107840000000 0.001119067443
0.108160000000 0.001132389678
0.108480000000 0.001099084096
0.108800000000 0.001079100750
0.109120000000 0.000799333890
0.109440000000 0.001105745214
0.109760000000 0.001079100750
0.110080000000 0.001072439632
0.110400000000 0.001012489592
0.110720000000 0.001005828475
0.111040000000 0.000965861781
0.111360000000 0.001032472939
0.111680000000 0.001025811822
0.112000000000 0.000919233971
0.112320000000 0.001025811822
0.112640000000 0.000905911741
0.112960000000 0.000746044962
0.113280000000 0.000979184011
0.113600000000 0.000952539552
0.113920000000 0.001019150709
0.114240000000 0.000992506245
0.114560000000 0.000766028309
0.114880000000 0.000792672773
0.115200000000 0.000952539552
0.115520000000 0.000905911741
0.115840000000 0.000932556205
0.116160000000 0.000792672773
0.116480000000 0.000812656120
0.116800000000 0.000952539552
0.117120000000 0.000859283930
0.117440000000 0.000766028309
0.117760000000 0.000759367192
0.118080000000 0.000845961701
0.118400000000 0.000899250624
0.118720000000 0.000932556205
0.119040000000 0.000859283930
0.119360000000 0.000825978349
0.119680000000 0.000825978349
0.120000000000 0.000885928394
0.120320000000 0.000872606160
0.120640000000 0.000786011656
0.120960000000 0.000839300584
0.121280000000 0.000746044962
0.121600000000 0.000719400498
0.121920000000 0.000706078269
0.122240000000 0.000772689426
0.122560000000 0.000805995002
0.122880000000 0.000619483764
0.123200000000 0.000559533724
0.123520000000 0.000799333890
0.123840000000 0.000719400498
0.124160000000 0.000686094922
0.124480000000 0.000646128228
0.124800000000 0.000759367192
0.125120000000 0.000586178183
0.125440000000 0.000752706079
0.125760000000 0.000599500418
0.126080000000 0.000692756039
0.126400000000 0.000552872607
0.126720000000 0.000659450458
0.127040000000 0.000626144882
0.127360000000 0.000632805994
0.127680000000 0.000666111575
0.128000000000 0.000572855954
0.128320000000 0.000492922567
0.128640000000 0.000552872607
0.128960000000 0.000686094922
0.129280000000 0.000399666945
0.129600000000 0.000546211490
0.129920000000 0.000599500418
0.130240000000 0.000646128228
0.130560000000 0.000586178183
0.130880000000 0.000546211490
0.131200000000 0.000566194836
0.131520000000 0.000586178183
0.131840000000 0.000466278103
0.132160000000 0.000419650292
0.132480000000 0.000526228143
0.132800000000 0.000526228143
0.133120000000 0.000526228143
0.133440000000 0.000479600332
0.133760000000 0.000526228143
0.134080000000 0.000532889260
0.134400000000 0.000566194836
0.134720000000 0.000499583679
0.135040000000 0.000479600332
0.135360000000 0.000526228143
0.135680000000 0.000566194836
0.136000000000 0.000486261449
0.136320000000 0.000439633639
0.136640000000 0.000506244796
0.136960000000 0.000459616985
0.137280000000 0.000419650292
0.137600000000 0.000512905913
0.137920000000 0.000446294756
0.138240000000 0.000339716905
0.138560000000 0.000419650292
0.138880000000 0.000333055788
0.139200000000 0.000386344711
0.139520000000 0.000412989175
0.139840000000 0.000386344711
0.140160000000 0.000432972521
0.140480000000 0.000346378017
0.140800000000 0.000299750206
0.141120000000 0.000333055788
0.141440000000 0.000419650292
0.141760000000 0.000426311409
0.142080000000 0.000326394670
0.142400000000 0.000326394670
0.142720000000 0.000333055788
0.143040000000 0.000419650292
0.143360000000 0.000306411324
0.143680000000 0.000313072441
0.144000000000 0.000286427977
0.144320000000 0.000306411324
0.144640000000 0.000186511243
0.144960000000 0.000333055788
0.145280000000 0.000293089094
0.145600000000 0.000246461283
0.145920000000 0.000259783513
0.146240000000 0.000326394670
0.146560000000 0.000279766860
0.146880000000 0.000306411324
0.147200000000 0.000273105747
0.147520000000 0.000259783513
0.147840000000 0.000266444630
0.148160000000 0.000346378017
0.148480000000 0.000199833473
0.148800000000 0.000226477937
0.149120000000 0.000179850126
0.149440000000 0.000253122396
0.149760000000 0.000186511243
0.150080000000 0.000146544545
0.150400000000 0.000186511243
0.150720000000 0.000166527891
0.151040000000 0.000226477937
0.151360000000 0.000233139049
0.151680000000 0.000159866779
0.152000000000 0.000133222315
0.152320000000 0.000186511243
0.152640000000 0.000126561198
0.152960000000 0.000093255622
0.153280000000 0.000073272275
0.153600000000 0.000153205662
0.153920000000 0.000146544545
0.154240000000 0.000099916734
0.154560000000 0.000139883432
0.154880000000 0.000073272275
0.155200000000 0.000093255622
0.155520000000 0.000113238968
0.155840000000 0.000059950040
0.156160000000 0.000033305576
0.156480000000 0.000073272275
0.156800000000 0.000046627811
0.157120000000 0.000053288928
0.157440000000 0.000066611158
0.157760000000 0.000026644464
0.158080000000 0.000033305576
0.158400000000 0.000033305576
0.158720000000 0.000019983347
0.159040000000 0.000019983347
0.159360000000 0.000026644464
0.159680000000 0.000006661117
0.160000000000 0.000013322230
